0 2.3030570039185134 
1 3.8890519992803174 
2 5.322048448726402 
3 6.6800160310557555 
4 7.993172232591844 
5 9.274287424190364 
6 10.53261030365827 
7 11.770801822562873 
8 12.995211327397154 
9 14.20642153379792 
10 15.407924461515707 
11 16.599829320978287 
12 17.781058599796793 
13 18.95665523706177 
14 20.129958494523073 
15 21.290745490788193 
16 22.449915424102933 
17 23.606252402871533 
18 24.757126711993585 
19 25.90216827587562 
20 27.047897457592292 
21 28.18557583380065 
22 29.320983948809552 
23 30.456225418686362 
24 31.58449497170467 
25 32.71148517947412 
26 33.8339911040563 
27 34.95798416823956 
28 36.07991063782199 
29 37.20080131281231 
30 38.316290896188264 
31 39.43246089786487 
32 40.54461505661008 
33 41.653278853471164 
34 42.764981849719746 
35 43.874539943137165 
36 44.97614084367799 
37 46.0827765598108 
38 47.18878249770536 
39 48.28786951429155 
40 49.38700907938741 
41 50.49378869420395 
42 51.58740997395763 
43 52.68964730785526 
44 53.77877180388004 
45 54.87747927381795 
46 55.97097983752228 
47 57.06731094124856 
48 58.158776395842004 
49 59.245391832209485 
50 60.335651731676016 
51 61.43002937212026 
52 62.52021077322698 
53 63.60620760777876 
54 64.69712332682016 
55 65.7749373960271 
56 66.867393426285 
57 67.94676758664325 
58 69.03201528730726 
59 70.11374802293759 
60 71.20197998964582 
61 72.27685863863262 
62 73.35855557708487 
63 74.44753371233348 
64 75.52302694287087 
65 76.60611785703307 
66 77.68089116572229 
67 78.76372869143081 
68 79.83825959597063 
69 80.90994813274109 
70 81.99032176934608 
71 83.06816526222121 
72 84.14348293336221 
73 85.21627909824645 
74 86.28655806584213 
75 87.366601659324 
76 88.43822312911773 
77 89.50748976365004 
78 90.58077016070641 
79 91.65185333242216 
80 92.72725821459366 
81 93.80062281446192 
82 94.86528360810426 
83 95.94124248106046 
84 97.00850319601578 
85 98.07373492512625 
86 99.14390701406633 
87 100.21220538178655 
88 101.27863242662403 
89 102.35757472785471 
90 103.4204156708196 
91 104.48139220765086 
92 105.55534028788927 
93 106.62023563716505 
94 107.68342235658899 
95 108.7525441496862 
96 109.82011080700167 
97 110.88612398579647 
98 111.95058534177112 
99 113.01349652906606 
100 114.0748592002643 
101 115.13467500639138 
102 116.20111068312178 
103 117.26615188735887 
104 118.32148529358119 
105 119.39205622512364 
106 120.45292202920434 
107 121.51239870189987 
108 122.57910082314991 
109 123.63587748566047 
110 124.70003119199835 
111 125.7541127811334 
112 126.81572263710144 
113 127.87609953264432 
114 128.93524451830177 
115 129.99315864382265 
116 131.05905206513154 
117 132.12386571328216 
118 133.17824171913875 
119 134.23139088354432 
120 135.29282085301585 
121 136.35317441432096 
122 137.41245236945005 
123 138.47065551986466 
124 139.52778466649872 
125 140.583840609758 
126 141.63882414952116 
127 142.6927360851392 
128 143.75567847436753 
129 144.80752350748102 
130 145.86854897989758 
131 146.91833000634796 
132 147.97744117636591 
133 149.03563335316633 
134 150.09290712332216 
135 151.14926307307476 
136 152.20470178833477 
137 153.2592238546818 
138 154.31282985736485 
139 155.3655203813022 
140 156.41729601108216 
141 157.4681573309622 
142 158.51810492487087 
143 159.57835244482087 
144 160.6265479906514 
145 161.6851926056696 
146 162.73163818408204 
147 163.78868173820416 
148 164.84496256421616 
149 165.888823763058 
150 166.94350623452246 
151 167.99742724710174 
152 169.05058720562522 
153 170.10298651473127 
154 171.15462557886812 
155 172.20550480229372 
156 173.25562458907592 
157 174.3049853430921 
158 175.36590987840123 
159 176.41382741162425 
160 177.46098706932102 
161 178.5073892546373 
162 179.5656518835496 
163 180.61061375896685 
164 181.6675845263695 
165 182.7111074948299 
166 183.75387489761877 
167 184.808873074467 
168 185.86326374932517 
169 186.90391310790721 
170 187.95701554970321 
171 189.0095113062583 
172 190.04804561915964 
173 191.0992549082586 
174 192.14985832788088 
175 193.19985613554456 
176 194.24924858867007 
177 195.29803594458104 
178 196.34621846050496 
179 197.39379639357165 
180 198.44077000081455 
181 199.48713953917064 
182 200.5329052654797 
183 201.57806743648536 
184 202.6368649633603 
185 203.68089415424694 
186 204.72432051712178 
187 205.7671443083603 
188 206.82389864844123 
189 207.86559126160637 
190 208.90668202939145 
191 209.961924571207 
192 211.00188549093807 
193 212.0561458085193 
194 213.09497773966487 
195 214.1482565438658 
196 215.18596034532263 
197 216.23825834653599 
198 217.2748348766287 
199 218.32615278478534 
200 219.3770178336318 
201 220.4119414258378 
202 221.46182741126157 
203 222.5112610016489 
204 223.54453346668993 
205 224.5929890223254 
206 225.64099264677012 
207 226.68854448396186 
208 227.73564467779755 
209 228.76621756066922 
210 229.81234138632888 
211 230.85801403178618 
212 231.90323564076562 
213 232.94800635695108 
214 233.99232632398684 
215 235.0361956854756 
216 236.0796145849801 
217 237.1225831660229 
218 238.16510157208504 
219 239.20716994660836 
220 240.24878843299294 
221 241.2899571745994 
222 242.3477053250016 
223 243.38804810858264 
224 244.4279415456495 
225 245.46738577941093 
226 246.50638095303455 
227 247.5449272096487 
228 248.60049306630327 
229 249.6382148355614 
230 250.6754880854352 
231 251.7300012335491 
232 252.76645070158324 
233 253.8024520475525 
234 254.8559133369732 
235 255.8910916060868 
236 256.9258221501508 
237 257.9782324301024 
238 259.012140601762 
239 260.0638753148243 
240 261.09696156416703 
241 262.12960073900285 
242 263.18028583200237 
243 264.21210378810304 
244 265.26211419953165 
245 266.29311138643163 
246 267.34244746064417 
247 268.3914833522044 
248 269.42128640885693 
249 270.46964845576156 
250 271.49863183731344 
251 272.5463203835333 
252 273.593709107351 
253 274.62149992813244 
254 275.6682156432785 
255 276.7146317477721 
256 277.74123093185955 
257 278.78697451937427 
258 279.8324187078507 
259 280.85782717869995 
260 281.9025993415689 
261 282.9470723168786 
262 283.9912461680851 
263 285.0251065224321 
264 286.05859490261514 
265 287.1017984543514 
266 288.14470315669183 
267 289.1873090730287 
268 290.22961626674225 
269 291.251158061156 
270 292.29279480203905 
271 293.33413303134574 
272 294.3751728124042 
273 295.4159142085311 
274 296.45635728303074 
275 297.4965020991961 
276 298.5363487203074 
277 299.5758972096339 
278 300.61514763043226 
279 301.6541000459477 
280 302.6927545194137 
281 303.7311111140507 
282 304.76916989306875 
283 305.8069309196654 
284 306.84439425702584 
285 307.88155996832427 
286 308.9184281167223 
287 309.95499876536985 
288 310.99127197740535 
289 312.02724781595464 
290 313.0629263441325 
291 314.0983076250414 
292 315.13339172177183 
293 316.16817869740265 
294 317.2138136187741 
295 318.25922461133814 
296 319.29319325574585 
297 320.3268650103887 
298 321.3602399382912 
299 322.3933181024652 
300 323.4374632316578 
301 324.48138467693195 
302 325.51364546159016 
303 326.54560971361326 
304 327.57727749595904 
305 328.6201946276268 
306 329.662888276647 
307 330.6937394622522 
308 331.72429440907496 
309 332.76624460357027 
310 333.80797147317674 
311 334.8377104375347 
312 335.86715339384983 
313 336.91997471085705 
314 337.94889813886334 
315 338.9775257265824 
316 340.0297503568626 
317 341.0578586944175 
318 342.08567135935937 
319 343.1372995922069 
320 344.1645932849979 
321 345.19159147276935 
322 346.2426235973495 
323 347.26910309085207 
324 348.3075246984027 
325 349.34572355219507 
326 350.3713892916714 
327 351.42145314017955 
328 352.4466006360936 
329 353.4838723841727 
330 354.5209215633641 
331 355.54525602784105 
332 356.59435235665467 
333 357.6181690279326 
334 358.6668932990573 
335 359.69019234991123 
336 360.73854467358353 
337 361.7613262767387 
338 362.8093067631657 
339 363.8315710912975 
340 364.87917985065604 
341 365.90092707639013 
342 366.94816421882757 
343 367.96939451473963 
344 369.01626015037306 
345 370.03697368898906 
346 371.08346792790593 
347 372.1036648817019 
348 373.1497878339592 
349 374.16946837536204 
350 375.2152201509876 
351 376.24760355186214 
352 377.2797651613651 
353 378.32499710150233 
354 379.343423147386 
355 380.3882841727981 
356 381.419595203732 
357 382.4506846118792 
358 383.495026163247 
359 384.5121987008517 
360 385.55616959923213 
361 386.58640906526807 
362 387.61642707699116 
363 388.65987886254084 
364 389.68949024575414 
365 390.71888027257353 
366 391.7618131546183 
367 392.7907967266683 
368 393.819559040206 
369 394.8619732279946 
370 395.89032926043757 
371 396.9184641322126 
372 397.96035983491697 
373 398.9880885992064 
374 400.015596300634 
375 401.0569737273503 
376 402.098202830391 
377 403.1109562972292 
378 404.1518156569759 
379 405.19252675057027 
380 406.21881698286427 
381 407.2448863751942 
382 408.28507966826385 
383 409.32512476837445 
384 410.3506039088915 
385 411.3758623345115 
386 412.41538990041903 
387 413.45476934652794 
388 414.4794378384714 
389 415.5038857405246 
390 416.54274791862827 
391 417.5814620500615 
392 418.6200281505003 
393 419.6437019377168 
394 420.66715528734386 
395 421.7052044432704 
396 422.7431056412903 
397 423.78085889707125 
398 424.8035386360821 
399 425.8259980897156 
400 426.8632347242966 
401 427.9003234896857 
402 428.93726440154273 
403 429.97405747552557 
404 430.995559578719 
405 432.0168415759774 
406 433.0531184092419 
407 434.0892474776316 
408 435.1252287967971 
409 436.1610623823856 
410 437.1967482500437 
411 438.21688954341414 
412 439.2522436446915 
413 440.2719810019466 
414 441.30700342144127 
415 442.3418782115898 
416 443.3766053880296 
417 444.41118496639496 
418 445.4456169623195 
419 446.4799013914357 
420 447.49831529190266 
421 448.5322683060666 
422 449.5502787317162 
423 450.58390041544527 
424 451.617374620868 
425 452.65070136360714 
426 453.6838806592827 
427 454.71691252351474 
428 455.7497969719204 
429 456.7825340201159 
430 457.81512368371745 
431 458.84756597833706 
432 459.8798609195874 
433 460.9120085230792 
434 461.9440088044208 
435 462.9758617792201 
436 464.00756746308303 
437 465.0227871669617 
438 466.0541620781214 
439 467.0853897503273 
440 468.11647019917984 
441 469.14740344027695 
442 470.17818948921513 
443 471.20882836159007 
444 472.23932007299527 
445 473.2696646390235 
446 474.2998620752655 
447 475.3299123973106 
448 476.35981562074653 
449 477.3895717611603 
450 478.41918083413645 
451 479.4486428552591 
452 480.47795784011015 
453 481.5240436907353 
454 482.5531008047204 
455 483.58201092400736 
456 484.61077406417223 
457 485.6393902407906 
458 486.6678594694363 
459 487.69618176568184 
460 488.72435714509896 
461 489.7523856232555 
462 490.78026721572127 
463 491.8080019380616 
464 492.83558980584155 
465 493.863030834626 
466 494.89032503997583 
467 495.9174724374526 
468 496.9619333245587 
469 497.98882323175894 
470 499.01556637260273 
471 500.0597318827767 
472 501.08621760216556 
473 502.1125565967053 
474 503.1387488819469 
475 504.16479447343994 
476 505.1906933867343 
477 506.2164456373766 
478 507.24205124091225 
479 508.28536833288234 
480 509.310716713471 
481 510.353849282526 
482 511.37894048299586 
483 512.4038851037666 
484 513.4286831603762 
485 514.4533346683612 
486 515.4778396432571 
487 516.5203455486372 
488 517.5445934899248 
489 518.586914994553 
490 519.6109059450339 
491 520.6347504297873 
492 521.6584484643412 
493 522.6820000642213 
494 523.7054052449522 
495 524.7471005092598 
496 525.7887219291725 
497 526.8117598312415 
498 527.83465136596 
499 528.8573965488466 
500 529.8799953954187 
501 530.9211013260044 
502 531.9434434655038 
503 532.9843652057056 
504 534.0064506808865 
505 535.0283898870368 
506 536.0501828396666 
507 537.0906997220316 
508 538.1311428275658 
509 539.152568885067 
510 540.1738487407966 
511 541.194982410258 
512 542.2350208174994 
513 543.2558980284706 
514 544.2957524049187 
515 545.3163732001175 
516 546.3368478762734 
517 547.3764079951478 
518 548.396626324099 
519 549.4360024835031 
520 550.4559645079496 
521 551.4757804805539 
522 552.5148624977509 
523 553.5538708199014 
524 554.5733203634169 
525 555.5926239067794 
526 556.6313381748531 
527 557.6503855676153 
528 558.6889160019531 
529 559.7077072867881 
530 560.7263526386237 
531 561.7645891341774 
532 562.8027519826792 
533 563.8210311796523 
534 564.8391644952791 
535 565.8770334930714 
536 566.9148288645578 
537 567.9325961442846 
538 568.9502175943048 
539 569.987719203132 
540 571.0251472063942 
541 572.0424027394422 
542 573.0595124944069 
543 574.0966468230368 
544 575.1337075668371 
545 576.1504515237244 
546 577.1670497541355 
547 578.2038169113061 
548 579.2405105043772 
549 580.256743055572 
550 581.2932531140438 
551 582.3092300263028 
552 583.3455565773479 
553 584.3612778932697 
554 585.3974209640561 
555 586.4334905057157 
556 587.4488463439253 
557 588.4847324428493 
558 589.4998327867036 
559 590.5355354700515 
560 591.5503803621283 
561 592.5858996570562 
562 593.6213454578151 
563 594.635825073588 
564 595.6710875234324 
565 596.7062764933474 
566 597.720390915438 
567 598.7553965719376 
568 599.7692557035322 
569 600.8040780737596 
570 601.8176819574064 
571 602.8523210684994 
572 603.8868867345979 
573 604.9001256258346 
574 605.9345080702813 
575 606.9688170839636 
576 607.9816910653574 
577 609.015816894863 
578 610.0498693078325 
579 611.0623784619344 
580 612.0962477281955 
581 613.1300435921455 
582 614.1421880014907 
583 615.1758007561934 
584 616.209340122809 
585 617.2211198699152 
586 618.2544761647379 
587 619.2877590856926 
588 620.2991742530638 
589 621.3322741396732 
590 622.3653006666336 
591 623.3763513367564 
592 624.409194866812 
593 625.4419650514325 
594 626.4526513067776 
595 627.507285399887 
596 628.5177524258561 
597 629.5501929924405 
598 630.5825602355599 
599 631.5926629756352 
600 632.6248473173738 
601 633.6569583498554 
602 634.6666968864662 
603 635.6986250549833 
604 636.7304799284499 
605 637.7622615107427 
606 638.793969805737 
607 639.8031251569869 
608 640.8346506460806 
609 641.8661028620779 
610 642.8748942210746 
611 643.906163668569 
612 644.9373598571689 
613 645.9684827907471 
614 646.9995324731793 
615 648.0077409765628 
616 649.0386079485284 
617 650.0694016835429 
618 651.0772464057798 
619 652.1307694582164 
620 653.1383953068812 
621 654.1688599271689 
622 655.1992513324461 
623 656.2065135286593 
624 657.2598145134566 
625 658.2668579082384 
626 659.2969203006667 
627 660.3269095000173 
628 661.3335893710041 
629 662.386668334971 
630 663.3931294766458 
631 664.4227897649986 
632 665.4523768822008 
633 666.4818908321225 
634 667.5113316186339 
635 668.5172107079201 
636 669.5464690159465 
637 670.5756541747431 
638 671.6047661881798 
639 672.633805060126 
640 673.6391022976816 
641 674.6916633950216 
642 675.6967420731968 
643 676.7254522738514 
644 677.7540893549284 
645 678.7826533202956 
646 679.8111441738221 
647 680.8156412729178 
648 681.86790656082 
649 682.8721851983292 
650 683.9003475183969 
651 684.9284367485271 
652 685.9564528925886 
653 686.9843959544464 
654 688.0122659379676 
655 689.0400628470184 
656 690.0435418141619 
657 691.0954374571708 
658 692.0986980862168 
659 693.1261666356497 
660 694.1535621325079 
661 695.1808845806546 
662 696.208133983956 
663 697.2353103462754 
664 698.2624136714778 
665 699.2648750980215 
666 700.3164012259884 
667 701.3186444378636 
668 702.3454195772091 
669 703.3721217013225 
670 704.3987508140666 
671 705.4253069193048 
672 706.4517900209 
673 707.4782001227145 
674 708.5045372286105 
675 709.5308013424509 
676 710.5569924680979 
677 711.5831106094126 
678 712.6091557702575 
679 713.6351279544938 
680 714.6359182347113 
681 715.6868534085861 
682 716.6874256746097 
683 717.7382870025781 
684 718.7386412801051 
685 719.7641396546028 
686 720.7895650820809 
687 721.8149175663996 
688 722.8401971114178 
689 723.8654037209957 
690 724.890537398993 
691 725.9155981492689 
692 726.940585975682 
693 727.9655008820907 
694 728.9903428723551 
695 730.0151119503328 
696 731.0398081198827 
697 732.0644313848627 
698 733.08898174913 
699 734.1134592165439 
700 735.1378637909609 
701 736.1621954762384 
702 737.1864542762343 
703 738.2106401948054 
704 739.2347532358084 
705 740.2587934031011 
706 741.2827607005378 
707 742.3066551319773 
708 743.3304767012736 
709 744.3542254122846 
710 745.377901268865 
711 746.4015042748699 
712 747.4250344341567 
713 748.4484917505788 
714 749.4718762279919 
715 750.4951878702509 
716 751.5184266812104 
717 752.5415926647257 
718 753.5646858246499 
719 754.5877061648383 
720 755.6106536891448 
721 756.633528401422 
722 757.6563303055248 
723 758.7057158045634 
724 759.70171570462 
725 760.7510274666425 
726 761.7468099172543 
727 762.7960479474432 
728 763.8184490044962 
729 764.8407772777875 
730 765.8630327711692 
731 766.8852154884937 
732 767.9073254336133 
733 768.9293626103791 
734 769.9513270226438 
735 770.9732186742574 
736 771.9950375690723 
737 773.0167837109387 
738 774.0384571037081 
739 775.0600577512307 
740 776.0815856573579 
741 777.1030408259386 
742 778.1517628783353 
743 779.173108467375 
744 780.1943813278641 
745 781.2155814636518 
746 782.2367088785874 
747 783.2577635765216 
748 784.2787455613012 
749 785.2996548367784 
750 786.3204914067992 
751 787.3412552752138 
752 788.3619464458696 
753 789.4103000980585 
754 790.4308817419023 
755 791.4513906969798 
756 792.471826967136 
757 793.4921905562212 
758 794.5124814680815 
759 795.5326997065647 
760 796.5528452755185 
761 797.5729181787889 
762 798.6209772039914 
763 799.6409406228742 
764 800.6608313850618 
765 801.6806494944004 
766 802.7003949547359 
767 803.7200677699132 
768 804.7396679437798 
769 805.7591954801813 
770 806.7786503829625 
771 807.8264148639789 
772 808.8457603247838 
773 809.8650331609512 
774 810.8842333763275 
775 811.9033609747569 
776 812.922415960085 
777 813.9413983361545 
778 814.9889419633573 
779 816.0078149295706 
780 817.026615295508 
781 818.0453430650128 
782 819.0639982419284 
783 820.0825808300985 
784 821.1010908333661 
785 822.1484136533071 
786 823.1668142788301 
787 824.1851423284304 
788 825.2033978059492 
789 826.2215807152293 
790 827.2396910601137 
791 828.2577288444438 
792 829.3048309036658 
793 830.322759342355 
794 831.3406152294673 
795 832.3583985688426 
796 833.3761093643224 
797 834.4230642755842 
798 835.4406657472525 
799 836.4581946839991 
800 837.4756510896675 
801 838.4930349680957 
802 839.5103463231256 
803 840.557117328516 
804 841.57431938669 
805 842.5914489304384 
806 843.6085059635988 
807 844.6254904900134 
808 845.6424025135204 
809 846.6889896453445 
810 847.7057923989458 
811 848.7225226586107 
812 849.7391804281768 
813 850.7557657114837 
814 851.8022057677097 
815 852.8186818029253 
816 853.8350853608508 
817 854.8514164453227 
818 855.86767506018 
819 856.9139680614761 
820 857.9301174500524 
821 858.9461943779808 
822 859.9621988490989 
823 860.9781308672427 
824 862.0242768342745 
825 863.0400996479444 
826 864.0558500176056 
827 865.0715279470957 
828 866.1175636519899 
829 867.1331323936798 
830 868.1486287041624 
831 869.164052587273 
832 870.2099780416504 
833 871.2252927536344 
834 872.2405350472095 
835 873.2557049262098 
836 874.2708023944712 
837 875.3165808662351 
838 876.3315691851667 
839 877.3464851023209 
840 878.3613286215306 
841 879.4069968698897 
842 880.4217312564376 
843 881.4363932540015 
844 882.4509828664152 
845 883.4965409029863 
846 884.5110213994034 
847 885.5254295196279 
848 886.5397652674944 
849 887.5540286468364 
850 888.5994397524274 
851 889.6135940375583 
852 890.6276759631202 
853 891.6730136109637 
854 892.6869864538521 
855 893.7008869461283 
856 894.7147150916222 
857 895.7599425625239 
858 896.7736616420028 
859 897.7873083836562 
860 898.8008827913143 
861 899.8460000968856 
862 900.8594654551836 
863 901.8728584884404 
864 902.8861792004859 
865 903.9311863523386 
866 904.9443980316789 
867 905.9575373987598 
868 906.9706044574125 
869 908.0155014671553 
870 909.028459509754 
871 910.041345252874 
872 911.0861688409938 
873 912.0989455795883 
874 913.1116500276552 
875 914.1242821890218 
876 915.1689956543804 
877 916.1815188278705 
878 917.1939697236087 
879 918.2386097802412 
880 919.2509516996294 
881 920.2632213502138 
882 921.2754187358224 
883 922.3199486890373 
884 923.3320371149392 
885 924.344053284812 
886 925.3885098421957 
887 926.400417063885 
888 927.4122520384905 
889 928.4566352052009 
890 929.4683612431465 
891 930.4800150429523 
892 931.4915966084451 
893 932.535869698813 
894 933.5473423442847 
895 934.5587427643856 
896 935.6029424769714 
897 936.6142339885714 
898 937.6254532837435 
899 938.6695796237027 
900 939.6806900218927 
901 940.6917282125956 
902 941.7026941996374 
903 942.7467104903245 
904 943.7575675970173 
905 944.7683525089884 
906 945.8122954399378 
907 946.8229714830762 
908 947.8335753404324 
909 948.8774449167986 
910 949.8879399168378 
911 950.8983627400328 
912 951.9421589669699 
913 952.9524729443632 
914 953.9627147538482 
915 955.0064376365109 
916 956.0165706117069 
917 957.026631427931 
918 958.0702809714729 
919 959.0802329649221 
920 960.0901128083335 
921 961.1336890179085 
922 962.1434600500552 
923 963.1531589411004 
924 964.1966618218597 
925 965.2062519131506 
926 966.2157698722734 
927 967.2591994293706 
928 968.2686086002467 
929 969.2779456478878 
930 970.3213018864755 
931 971.3305301573788 
932 972.3396863139775 
933 973.3829692392073 
934 974.392016630576 
935 975.4009919165704 
936 976.4442015335931 
937 977.4530680658639 
938 978.4618625016913 
939 979.5049988156586 
940 980.5136845092661 
941 981.5567841736375 
942 982.5653611314214 
943 983.5738660067982 
944 984.6168923758397 
945 985.6252885268967 
946 986.6336126044735 
947 987.6765656833365 
948 988.6847810480946 
949 989.6929243483012 
950 990.7358041421343 
951 991.743838741023 
952 992.7866818942734 
953 993.7946077982382 
954 994.802461651683 
955 995.8452315276281 
956 996.8529766976482 
957 997.860649826072 
958 998.9033464298609 
959 999.9109108863587 
960 1000.9184033101834 
961 1001.9610266469647 
962 1002.9684104103616 
963 1004.0109971155692 
964 1005.0182722249289 
965 1006.0254753156421 
966 1007.067988761565 
967 1008.0750832097368 
968 1009.1175600279473 
969 1010.1245458399696 
970 1011.1314596473691 
971 1012.1738632140157 
972 1013.1806683967599 
973 1014.1874015838017 
974 1015.2297319040323 
975 1016.2363564779107 
976 1017.2786501768616 
977 1018.2851661439657 
978 1019.2916101293896 
979 1020.3338305896441 
980 1021.3401659797853 
981 1022.3823498226213 
982 1023.3885766238674 
983 1024.3947314574507 
984 1025.43684206931 
985 1026.442888325489 
986 1027.4849623237887 
987 1028.4909000089501 
988 1029.4967657404677 
989 1030.5387665155079 
990 1031.5445236874946 
991 1032.586487852836 
992 1033.5921364716792 
993 1034.5977131508935 
994 1035.639604100693 
995 1036.6450722382506 
996 1037.6869265822086 
997 1038.6922861844942 
998 1039.697573861162 
999 1040.739354997296 
